12746983217673312033459478404730597151813
48545985903130399631884693310394080588316553282043045044713243584780
48545979406504917796712837492907885893348978315543250628325183914884
-3248264185934927162507092114106651021684456749371674816085116
2964639020748856831442742034980310889975686648628283250606176782791106859944149978693182
455886892000311431037872058910069613100610466876974040112155623270767098473892014628283250606176782791106859944149978693182
-8946162153858983081032513868886390124592315296884
-3517337253491733779157523711202993602418512827590338135534337792315296884
19365179403138741161260778666659158984076364
-57
0
0
0